id	nichoir	cercle	hmax
1	141	E	26.8
2	141	N	24.9
3	141	S	26
4	141	W	26.8
5	142	E	28
6	142	N	25.7
7	142	S	23.9
8	142	W	23.9
9	143	E	24.4
10	143	N	29.2
11	143	S	24.3
12	143	W	23.3
13	144	E	24.31
14	144	N	24.9
15	144	S	21.7
16	144	W	26.3
17	151	E	24.8
18	151	N	26.1
19	151	S	29.5
20	151	W	29.9
21	152	E	28
22	152	N	24.4
23	152	S	31.4
24	152	W	31.3
25	153	E	26
26	153	N	30
27	153	S	21.6
28	153	W	22.7
29	154	E	27.2
30	154	N	24.4
31	154	S	23.3
32	154	W	23.7
33	451	E	34.4
34	451	N	35.4
35	451	S	31.3
36	451	W	31.9
37	452	E	29.9
38	452	N	34.5
39	452	S	29.8
40	452	W	33.9
41	453	E	24.3
42	453	N	29.4
43	453	S	29.6
44	453	W	30.5
45	454	E	29.9
46	454	N	30.6
47	454	S	33.1
48	454	W	32.7
49	455	E	29.5
50	455	N	26.3
51	455	S	31
52	455	W	25.9
53	456	E	26.3
54	456	N	25.1
55	456	S	28.1
56	456	W	30.7
57	457	E	29.8
58	457	N	27.2
59	457	S	28.5
60	457	W	28.1
61	458	E	23.6
62	458	N	26.9
63	458	S	29.1
64	458	W	25
65	501	E	26.6
66	501	N	25.2
67	501	S	27.7
68	501	W	22.1
69	502	E	26.3
70	502	N	23.4
71	502	S	29.2
72	502	W	27
73	503	E	32.3
74	503	N	28.4
75	503	S	25.8
76	503	W	28.5
77	504	E	28.6
78	504	N	28.7
79	504	S	31.2
80	504	W	27.8
81	551	E	22.6
82	551	N	18.7
83	551	S	20.4
84	551	W	25
85	552	E	21.2
86	552	N	20.6
87	552	S	20.8
88	552	W	21.7
89	553	E	22.9
90	553	N	23.8
91	553	S	23.8
92	553	W	25.1
93	554	E	25.8
94	554	N	23.8
95	554	S	26.8
96	554	W	24.4
97	611	E	25.9
98	611	N	25
99	611	S	24.9
100	611	W	20.6
101	612	E	23.9
102	612	N	25.8
103	612	S	27.1
104	612	W	27.4
105	613	E	22.7
106	613	N	26.8
107	613	S	26.9
108	613	W	24.7
109	614	E	24.6
110	614	N	27.3
111	614	S	28.5
112	614	W	25.9
113	751	E	25.7
114	751	N	25.7
115	751	S	27.9
116	751	W	22.4
117	752	E	18.3
118	752	N	22.4
119	752	S	21.4
120	752	W	21.1
121	753	E	22.9
122	753	N	26.7
123	753	S	24.4
124	753	W	26.2
125	754	E	27.2
126	754	N	24.4
127	754	S	28.4
128	754	W	23.8
129	771	E	17.4
130	771	N	26.2
131	771	S	18.9
132	771	W	24.7
133	772	E	21.1
134	772	N	22.3
135	772	S	26.7
136	772	W	20.1
137	773	E	28.9
138	773	N	28
139	773	S	28.6
140	773	W	27.8
141	774	E	27.4
142	774	N	21.4
143	774	S	26.6
144	774	W	27.8
145	791	E	27.9
146	791	N	27.9
147	791	S	28
148	791	W	27.5
149	792	E	29.7
150	792	N	30.4
151	792	S	26.8
152	792	W	29.6
153	793	E	30.2
154	793	N	25.5
155	793	S	26.5
156	793	W	27
157	794	E	25.6
158	794	N	26.7
159	794	S	26
160	794	W	25.4
161	1101	E	25.8
162	1101	N	21.6
163	1101	S	21.9
164	1101	W	24.2
165	1102	E	21.5
166	1102	N	24.2
167	1102	S	19.9
168	1102	W	25.7
169	1103	E	23.7
170	1103	N	18.4
171	1103	S	18.5
172	1103	W	26
173	1104	E	23.4
174	1104	N	22.4
175	1104	S	28.2
176	1104	W	25.6
177	1111	E	23.3
178	1111	N	25.4
179	1111	S	25.8
180	1111	W	26.8
181	1112	E	27.5
182	1112	N	21.6
183	1112	S	24.7
184	1112	W	22.1
185	1113	E	23.5
186	1113	N	22.8
187	1113	S	26.5
188	1113	W	28.3
189	1114	E	20.9
190	1114	N	19.7
191	1114	S	25.1
192	1114	W	24
193	1251	E	16.8
194	1251	N	22.2
195	1251	S	18.9
196	1251	W	17.7
197	1252	E	19.2
198	1252	N	19.9
199	1252	S	18.1
200	1252	W	22.3
201	1253	E	22.1
202	1253	N	20.5
203	1253	S	19.1
204	1253	W	17.2
205	1254	E	13.5
206	1254	N	20.4
207	1254	S	17.9
208	1254	W	18.2
209	1391	E	18.8
210	1391	N	20.9
211	1391	S	20.3
212	1391	W	21
213	1392	E	21.3
214	1392	N	19.7
215	1392	S	21.4
216	1392	W	20.8
217	1393	E	19
218	1393	N	19.6
219	1393	S	18.3
220	1393	W	18.7
221	1394	E	20.9
222	1394	N	20.8
223	1394	S	19.4
224	1394	W	18.8
225	1441	E	20.7
226	1441	N	20.2
227	1441	S	23.2
228	1441	W	16.5
229	1442	E	24.9
230	1442	N	22.3
231	1442	S	22.7
232	1442	W	22.5
233	1443	E	20.2
234	1443	N	21.8
235	1443	S	21.6
236	1443	W	23
237	1444	E	24.2
238	1444	N	21
239	1444	S	22.3
240	1444	W	20
241	1621	E	23.1
242	1621	N	23.1
243	1621	S	19.3
244	1621	W	21
245	1622	E	23.7
246	1622	N	22
247	1622	S	22.4
248	1622	W	22.3
249	1623	E	14.1
250	1623	N	18.7
251	1623	S	21.1
252	1623	W	21.1
253	1624	E	18.6
254	1624	N	18.1
255	1624	S	20.2
256	1624	W	18.8
257	1661	E	24.1
258	1661	N	25.4
259	1661	S	25.3
260	1661	W	22.6
261	1662	E	26.2
262	1662	N	23.2
263	1662	S	28.1
264	1662	W	24.9
265	1663	E	22.3
266	1663	N	26.5
267	1663	S	22.5
268	1663	W	22.1
269	1664	E	26.5
270	1664	N	27.8
271	1664	S	27.9
272	1664	W	24.9
273	2151	E	22.8
274	2151	N	23.8
275	2151	S	23.2
276	2151	W	21.5
277	2152	E	21.8
278	2152	N	24.9
279	2152	S	21.5
280	2152	W	24.3
281	2153	E	24.8
282	2153	N	21
283	2153	S	25
284	2153	W	24.2
285	2154	E	20.6
286	2154	N	22.5
287	2154	S	23.6
288	2154	W	22.5
289	2161	E	23.7
290	2161	N	21.4
291	2161	S	22.2
292	2161	W	27.1
293	2162	E	24.9
294	2162	N	21.7
295	2162	S	23.8
296	2162	W	22.8
297	2163	E	20.5
298	2163	N	22.9
299	2163	S	21.7
300	2163	W	24.3
301	2164	E	22.4
302	2164	N	19.9
303	2164	S	20.5
304	2164	W	20.7
305	2181	E	16.9
306	2181	N	21.3
307	2181	S	16.8
308	2181	W	22.6
309	2182	E	19.9
310	2182	N	20
311	2182	S	20
312	2182	W	20.2
313	2183	E	20.4
314	2183	N	21.3
315	2183	S	21.9
316	2183	W	23
317	2184	E	19.9
318	2184	N	24.8
319	2184	S	20.3
320	2184	W	20.7
321	2191	E	24.5
322	2191	N	24.8
323	2191	S	22.4
324	2191	W	22.5
325	2192	E	20.1
326	2192	N	24.2
327	2192	S	20.2
328	2192	W	20.5
329	2193	E	21.3
330	2193	N	22.4
331	2193	S	18.7
332	2193	W	21.6
333	2194	E	21.4
334	2194	N	21.4
335	2194	S	19
336	2194	W	19.3
337	2231	E	31
338	2231	N	27.3
339	2231	S	28.3
340	2231	W	27.5
341	2232	E	30.8
342	2232	N	27.2
343	2232	S	29.6
344	2232	W	30.7
345	2233	E	27.6
346	2233	N	26.5
347	2233	S	28.2
348	2233	W	23.3
349	2234	E	25.2
350	2234	N	27.1
351	2234	S	26.8
352	2234	W	27.6
353	2451	E	23.9
354	2451	N	24.5
355	2451	S	21
356	2451	W	23.4
357	2452	E	22.2
358	2452	N	24.8
359	2452	S	22.1
360	2452	W	23.1
361	2453	E	23.8
362	2453	N	22.1
363	2453	S	22.3
364	2453	W	23.6
365	2454	E	22.3
366	2454	N	21.9
367	2454	S	21
368	2454	W	21
369	2551	E	23.8
370	2551	N	22.4
371	2551	S	26.4
372	2551	W	22.8
373	2552	E	23.9
374	2552	N	21.1
375	2552	S	21.5
376	2552	W	23.8
377	2553	E	22.1
378	2553	N	23.2
379	2553	S	19.9
380	2553	W	20.2
381	2554	E	27.1
382	2554	N	20.1
383	2554	S	22.7
384	2554	W	21.7
