mpoint	massif	abond	rs	annee	ST	Hdom	Ddom	essence	nstrates	dist_lisiere	latitude	longitude
Belleme_10	Belleme	19	18	5	13	35	60	CHE	6	146	48.41115	0.56226
Belleme_100	Belleme	20	15	5	32	28	45	CHE	6	102	48.40139	0.51194
Belleme_101	Belleme	11	8	5	23	22	30	CHE	6	390	48.40165	0.52881
Belleme_102	Belleme	11	10	5	23	22	30	CHE	6	527	48.4017	0.53219
Belleme_103	Belleme	9	12	5	25	24	30	CHE	6	686	48.40176	0.53556
Belleme_104	Belleme	8	12	5	25	24	30	CHE	6	548	48.40181	0.53894
Belleme_105	Belleme	10	8	5	18	16	20	CHE	5	490	48.40186	0.54231
Belleme_106	Belleme	13	13	5	18	16	20	CHE	5	491	48.40191	0.54569
Belleme_107	Belleme	14	11	5	22	15	25	CHE	5	605	48.40196	0.54906
Belleme_108	Belleme	11	9	5	22	15	25	CHE	5	785	48.40201	0.55244
Belleme_109	Belleme	12	11	5	22	32	55	PS	6	996	48.40206	0.55581
Belleme_11	Belleme	24	16	5	28	20	45	DOU	6	232	48.4112	0.56563
Belleme_110	Belleme	12	10	5	22	32	55	PS	6	1054	48.40211	0.55919
Belleme_111	Belleme	11	10	5	19	11	12	CHE	5	1098	48.40216	0.56256
Belleme_112	Belleme	16	16	5	34	33	55	CHE	6	1149	48.40222	0.56593
Belleme_113	Belleme	14	14	5	34	33	55	CHE	6	901	48.40227	0.56931
Belleme_114	Belleme	11	11	5	28	11	15	CHE	5	653	48.40232	0.57268
Belleme_115	Belleme	13	13	5	26	20	30	SP	6	409	48.40237	0.57606
Belleme_116	Belleme	12	14	5	22	15	25	CHE	5	179	48.40242	0.57943
Belleme_117	Belleme	24	15	5	38	42	85	CHE	6	62	48.40247	0.58281
Belleme_12	Belleme	9	12	5	28	20	45	DOU	6	207	48.41125	0.56901
Belleme_13	Belleme	12	14	5	23	31	50	PS	6	202	48.4113	0.57238
Belleme_14	Belleme	10	12	5	28	20	45	DOU	6	79	48.41136	0.57576
Belleme_15	Belleme	9	11	5	28	16	25	CHE	5	22	48.41141	0.57913
Belleme_154	Belleme	15	16	5	22	32	55	PS	6	35	48.3961	0.46149
Belleme_155	Belleme	8	15	5	NA	6	5	CHE	5	257	48.39616	0.46486
Belleme_156	Belleme	15	16	5	27	35	70	PS	6	491	48.39621	0.46823
Belleme_157	Belleme	15	15	5	27	35	70	PS	6	736	48.39627	0.47161
Belleme_158	Belleme	21	15	5	21	34	85	CHE	6	955	48.39632	0.47498
Belleme_159	Belleme	15	13	5	21	34	85	CHE	6	1035	48.39637	0.47836
Belleme_160	Belleme	20	17	5	21	34	85	CHE	6	1105	48.39643	0.48173
Belleme_161	Belleme	13	13	5	28	32	65	CHE	6	1056	48.39648	0.48511
Belleme_162	Belleme	16	11	5	28	32	65	CHE	6	1064	48.39653	0.48848
Belleme_163	Belleme	15	16	5	30	35	65	CHE	6	989	48.39658	0.49185
Belleme_164	Belleme	9	11	5	26	20	30	SP	6	952	48.39664	0.49523
Belleme_165	Belleme	11	15	5	NA	11	15	CHE	5	979	48.39669	0.4986
Belleme_166	Belleme	8	12	5	NA	11	15	CHE	5	792	48.39674	0.50198
Belleme_167	Belleme	10	9	5	NA	10	15	CHE	5	574	48.39679	0.50535
Belleme_168	Belleme	19	15	5	33	30	70	CHE	6	378	48.39685	0.50872
Belleme_169	Belleme	15	12	5	33	30	70	CHE	6	286	48.3969	0.5121
Belleme_170	Belleme	17	15	5	33	30	70	CHE	6	326	48.39695	0.51547
Belleme_171	Belleme	22	16	5	37	33	70	CHE	6	350	48.397	0.51885
Belleme_172	Belleme	17	13	5	32	34	65	CHE	6	255	48.39705	0.52222
Belleme_173	Belleme	20	18	5	32	34	65	CHE	6	345	48.39711	0.5256
Belleme_174	Belleme	15	11	5	32	34	65	CHE	6	545	48.39716	0.52897
Belleme_175	Belleme	24	17	5	27	32	75	CHE	6	775	48.39721	0.53234
Belleme_176	Belleme	16	14	5	27	32	75	CHE	6	1015	48.39726	0.53572
Belleme_177	Belleme	17	15	5	36	41	90	CHE	6	1026	48.39731	0.53909
Belleme_178	Belleme	8	9	5	28	14	15	CHE	5	983	48.39736	0.54247
Belleme_179	Belleme	11	11	5	28	14	15	CHE	5	983	48.39742	0.54584
Belleme_180	Belleme	9	12	5	28	14	15	CHE	5	1045	48.39747	0.54922
Belleme_181	Belleme	13	14	5	28	11	15	CHE	5	1003	48.39752	0.55259
Belleme_182	Belleme	11	12	5	28	11	15	CHE	5	1004	48.39757	0.55596
Belleme_183	Belleme	10	10	5	NA	6	12	CHE	5	996	48.39762	0.55934
Belleme_184	Belleme	15	18	5	NA	6	12	CHE	5	861	48.39767	0.56271
Belleme_185	Belleme	18	18	5	35	36	60	CHE	6	742	48.39772	0.56609
Belleme_186	Belleme	15	15	5	35	36	60	CHE	6	694	48.39777	0.56946
Belleme_187	Belleme	13	16	5	32	29	50	DOU	6	612	48.39782	0.57284
Belleme_188	Belleme	13	8	5	28	21	45	SP	6	465	48.39787	0.57621
Belleme_189	Belleme	8	6	5	32	29	50	DOU	6	376	48.39792	0.57958
Belleme_190	Belleme	16	14	5	NA	6	8	CHE	5	417	48.39797	0.58296
Belleme_191	Belleme	25	17	5	44	40	90	CHE	6	285	48.39802	0.58633
Belleme_192	Belleme	21	19	5	44	40	90	CHE	6	243	48.39807	0.58971
Belleme_193	Belleme	20	18	5	36	38	80	CHE	6	182	48.39812	0.59308
Belleme_194	Belleme	12	8	5	NA	6	8	CHE	5	44	48.39817	0.59646
Belleme_234	Belleme	14	11	5	25	12	15	CHE	5	35	48.39145	0.45153
Belleme_235	Belleme	13	12	5	25	12	15	CHE	5	226	48.3915	0.4549
Belleme_236	Belleme	14	14	5	25	12	15	CHE	5	225	48.39156	0.45827
Belleme_237	Belleme	16	17	5	23	12	15	CHE	5	285	48.39161	0.46165
Belleme_238	Belleme	18	16	5	29	37	95	CHE	6	481	48.39166	0.46502
Belleme_239	Belleme	21	13	5	29	37	95	CHE	6	712	48.39172	0.4684
Belleme_240	Belleme	22	14	5	35	35	75	CHE	6	852	48.39177	0.47177
Belleme_241	Belleme	20	18	5	35	35	75	CHE	6	768	48.39182	0.47514
Belleme_242	Belleme	19	14	5	34	36	95	CHE	6	756	48.39188	0.47852
Belleme_243	Belleme	20	14	5	34	36	95	CHE	6	824	48.39193	0.48189
Belleme_244	Belleme	17	13	5	34	36	95	CHE	6	940	48.39198	0.48526
Belleme_245	Belleme	18	12	5	36	34	80	CHE	6	1068	48.39204	0.48864
Belleme_246	Belleme	16	15	5	36	34	80	CHE	6	1064	48.39209	0.49201
Belleme_247	Belleme	6	12	5	NA	6	6	CHE	5	1054	48.39214	0.49539
Belleme_248	Belleme	15	18	5	37	36	90	CHE	6	1103	48.3922	0.49876
Belleme_249	Belleme	22	16	5	37	36	90	CHE	6	1084	48.39225	0.50213
Belleme_250	Belleme	21	14	5	37	36	90	CHE	6	930	48.3923	0.50551
Belleme_251	Belleme	18	14	5	26	28	50	CHE	6	824	48.39235	0.50888
Belleme_252	Belleme	18	13	5	33	38	70	CHE	6	786	48.3924	0.51226
Belleme_253	Belleme	21	17	5	33	38	70	CHE	6	825	48.39246	0.51563
Belleme_254	Belleme	17	13	5	33	38	70	CHE	6	801	48.39251	0.519
Belleme_255	Belleme	22	19	5	25	35	70	CHE	6	755	48.39256	0.52238
Belleme_256	Belleme	18	13	5	25	35	70	CHE	6	790	48.39261	0.52575
Belleme_257	Belleme	23	15	5	46	36	60	CHE	6	896	48.39266	0.52913
Belleme_258	Belleme	16	12	5	42	32	60	CHE	6	808	48.39272	0.5325
Belleme_259	Belleme	19	17	5	42	32	60	CHE	6	666	48.39277	0.53587
Belleme_260	Belleme	21	16	5	32	32	70	CHE	6	599	48.39282	0.53925
Belleme_261	Belleme	18	15	5	32	32	70	CHE	6	597	48.39287	0.54262
Belleme_262	Belleme	13	11	5	32	32	70	CHE	6	631	48.39292	0.54599
Belleme_263	Belleme	20	14	5	28	34	70	CHE	6	599	48.39297	0.54937
Belleme_264	Belleme	18	17	5	28	34	70	CHE	6	508	48.39302	0.55274
Belleme_265	Belleme	13	9	5	29	33	55	CHE	6	505	48.39307	0.55612
Belleme_266	Belleme	19	15	5	29	33	55	CHE	6	582	48.39313	0.55949
Belleme_267	Belleme	20	15	5	NA	7	6	CHE	5	447	48.39318	0.56286
Belleme_268	Belleme	16	14	5	29	33	55	CHE	6	305	48.39323	0.56624
Belleme_269	Belleme	18	18	5	41	39	85	CHE	6	194	48.39328	0.56961
Belleme_270	Belleme	24	16	5	13	35	60	CHE	6	166	48.39333	0.57299
Belleme_271	Belleme	12	14	5	NA	6	8	CHE	5	56	48.39338	0.57636
Belleme_272	Belleme	10	9	5	25	21	25	CHE	6	50	48.39348	0.58311
Belleme_273	Belleme	11	13	5	25	21	25	CHE	6	81	48.39353	0.58648
Belleme_274	Belleme	25	19	5	44	40	90	CHE	6	14	48.39358	0.58986
Belleme_309	Belleme	7	10	5	22	10	15	CHE	5	34	48.38701	0.45506
Belleme_310	Belleme	11	9	5	22	10	15	CHE	5	222	48.38706	0.45843
Belleme_311	Belleme	17	14	5	29	29	40	CHE	6	313	48.38712	0.46181
Belleme_312	Belleme	13	14	5	25	16	20	CHE	5	349	48.38717	0.46518
Belleme_313	Belleme	12	15	5	25	16	20	CHE	5	353	48.38722	0.46856
Belleme_314	Belleme	10	11	5	25	16	20	CHE	5	363	48.38728	0.47193
Belleme_315	Belleme	14	13	5	32	20	35	CHE	6	294	48.38733	0.4753
Belleme_316	Belleme	20	15	5	32	37	70	CHE	6	267	48.38738	0.47868
Belleme_317	Belleme	23	20	5	32	37	70	CHE	6	381	48.38744	0.48205
Belleme_318	Belleme	20	14	5	23	24	30	CHE	6	525	48.38749	0.48542
Belleme_319	Belleme	11	11	5	23	24	30	CHE	6	649	48.38754	0.4888
Belleme_320	Belleme	15	12	5	28	31	40	CHE	6	575	48.3876	0.49217
Belleme_321	Belleme	13	12	5	28	31	40	CHE	6	558	48.38765	0.49554
Belleme_322	Belleme	13	11	5	32	38	75	CHE	6	645	48.3877	0.49892
Belleme_323	Belleme	17	14	5	32	38	75	CHE	6	805	48.38775	0.50229
Belleme_324	Belleme	14	14	5	39	36	55	CHE	6	715	48.38781	0.50566
Belleme_325	Belleme	14	12	5	39	36	55	CHE	6	614	48.38786	0.50904
Belleme_326	Belleme	13	14	5	39	36	55	CHE	6	589	48.38791	0.51241
Belleme_327	Belleme	15	13	5	36	37	55	CHE	6	573	48.38796	0.51579
Belleme_328	Belleme	18	18	5	36	37	55	CHE	6	559	48.38801	0.51916
Belleme_329	Belleme	28	18	5	21	41	80	CHE	6	649	48.38807	0.52253
Belleme_330	Belleme	20	15	5	38	42	70	CHE	6	775	48.38812	0.52591
Belleme_331	Belleme	24	16	5	38	42	70	CHE	6	758	48.38817	0.52928
Belleme_332	Belleme	17	16	5	35	30	40	CHE	6	553	48.38822	0.53265
Belleme_333	Belleme	18	14	5	35	30	40	CHE	6	310	48.38827	0.53603
Belleme_334	Belleme	16	16	5	30	30	50	CHE	6	107	48.38832	0.5394
Belleme_335	Belleme	17	16	5	30	30	50	CHE	6	97	48.38838	0.54277
Belleme_336	Belleme	16	14	5	30	30	50	CHE	6	140	48.38843	0.54615
Belleme_337	Belleme	19	15	5	32	38	65	CHE	6	99	48.38848	0.54952
Belleme_338	Belleme	23	15	5	32	38	65	CHE	6	69	48.38853	0.5529
Belleme_339	Belleme	30	20	5	32	40	80	CHE	6	33	48.38858	0.55627
Belleme_34	Belleme	19	17	5	12	37	75	CHE	6	12	48.40531	0.47466
Belleme_340	Belleme	21	18	5	34	37	85	CHE	6	146	48.38863	0.55964
Belleme_341	Belleme	24	18	5	34	37	85	CHE	6	205	48.38868	0.56302
Belleme_342	Belleme	13	12	5	NA	6	8	CHE	5	25	48.38873	0.56639
Belleme_35	Belleme	20	20	5	12	37	75	CHE	6	134	48.40536	0.47804
Belleme_36	Belleme	21	15	5	36	38	105	CHE	6	204	48.40541	0.48141
Belleme_368	Belleme	10	10	5	28	19	30	CHE	6	1	48.38294	0.48221
Belleme_369	Belleme	8	8	5	28	19	30	CHE	6	140	48.383	0.48558
Belleme_37	Belleme	15	14	5	36	38	105	CHE	6	101	48.40547	0.48479
Belleme_370	Belleme	13	13	5	28	26	35	CHE	6	178	48.38305	0.48896
Belleme_371	Belleme	13	13	5	28	26	35	CHE	6	95	48.3831	0.49233
Belleme_372	Belleme	17	15	5	28	26	35	CHE	6	98	48.38315	0.4957
Belleme_373	Belleme	12	11	5	28	26	50	CHE	6	281	48.38321	0.49908
Belleme_374	Belleme	18	18	5	28	26	50	CHE	6	437	48.38326	0.50245
Belleme_375	Belleme	19	16	5	30	35	55	CHE	6	318	48.38331	0.50582
Belleme_376	Belleme	21	15	5	23	36	55	CHE	6	156	48.38336	0.5092
Belleme_377	Belleme	25	17	5	23	36	55	CHE	6	97	48.38342	0.51257
Belleme_378	Belleme	22	18	5	30	38	75	CHE	6	103	48.38352	0.51932
Belleme_379	Belleme	25	18	5	30	38	75	CHE	6	235	48.38357	0.52269
Belleme_38	Belleme	8	10	5	22	16	30	CHE	5	94	48.40552	0.48816
Belleme_380	Belleme	21	16	5	30	38	75	CHE	6	313	48.38362	0.52606
Belleme_381	Belleme	22	19	5	26	38	80	CHE	6	343	48.38368	0.52944
Belleme_382	Belleme	12	9	5	35	31	45	CHE	6	305	48.38373	0.53281
Belleme_383	Belleme	9	12	5	35	31	45	CHE	6	57	48.38378	0.53618
Belleme_39	Belleme	18	12	5	22	16	30	CHE	5	144	48.40557	0.49154
Belleme_4	Belleme	20	17	5	31	39	80	CHE	6	74	48.41085	0.542
Belleme_40	Belleme	11	12	5	22	16	30	CHE	5	41	48.40562	0.49491
Belleme_41	Belleme	9	10	5	43	28	45	CHE	6	71	48.40568	0.49829
Belleme_42	Belleme	15	14	5	43	28	45	CHE	6	270	48.40573	0.50166
Belleme_43	Belleme	15	12	5	35	29	45	CHE	6	369	48.40578	0.50504
Belleme_44	Belleme	14	12	5	33	29	60	CHE	6	232	48.40583	0.50841
Belleme_45	Belleme	25	19	5	33	29	60	CHE	6	39	48.40589	0.51179
Belleme_46	Belleme	14	13	5	22	30	35	CHE	6	339	48.4062	0.53203
Belleme_47	Belleme	13	14	5	22	30	35	CHE	6	430	48.40625	0.53541
Belleme_48	Belleme	13	12	5	22	30	35	CHE	6	200	48.4063	0.53878
Belleme_49	Belleme	16	13	5	41	33	50	PS	6	127	48.4064	0.54553
Belleme_5	Belleme	29	17	5	31	39	80	CHE	6	240	48.4109	0.54538
Belleme_50	Belleme	14	12	5	22	30	35	CHE	6	376	48.40645	0.54891
Belleme_51	Belleme	12	10	5	40	29	40	CHE	6	625	48.40651	0.55228
Belleme_52	Belleme	13	13	5	40	29	40	CHE	6	583	48.40656	0.55566
Belleme_53	Belleme	15	14	5	28	38	85	CHE	6	556	48.40661	0.55903
Belleme_54	Belleme	22	15	5	28	38	85	CHE	6	636	48.40666	0.56241
Belleme_55	Belleme	15	12	5	34	31	45	CHE	6	693	48.40671	0.56578
Belleme_56	Belleme	16	12	5	32	29	40	CHE	6	704	48.40676	0.56916
Belleme_57	Belleme	14	10	5	32	29	40	CHE	6	617	48.40681	0.57253
Belleme_58	Belleme	11	11	5	41	33	50	PS	6	464	48.40686	0.57591
Belleme_59	Belleme	7	14	5	18	10	15	CHE	5	245	48.40691	0.57928
Belleme_6	Belleme	16	14	5	40	29	40	CHE	6	305	48.41095	0.54875
Belleme_60	Belleme	28	17	5	38	42	85	CHE	6	18	48.40696	0.58266
Belleme_7	Belleme	13	16	5	NA	6	8	CHE	5	231	48.411	0.55213
Belleme_8	Belleme	21	17	5	31	39	80	CHE	6	176	48.41105	0.5555
Belleme_89	Belleme	24	17	5	30	38	60	CHE	6	497	48.40081	0.47482
Belleme_9	Belleme	25	18	5	13	35	60	CHE	6	80	48.4111	0.55888
Belleme_90	Belleme	23	13	5	40	33	65	CHE	6	570	48.40087	0.4782
Belleme_91	Belleme	23	15	5	40	33	65	CHE	6	647	48.40092	0.48157
Belleme_92	Belleme	17	12	5	40	33	65	CHE	6	559	48.40097	0.48495
Belleme_93	Belleme	8	10	5	27	11	15	CHE	5	575	48.40102	0.48832
Belleme_94	Belleme	11	10	5	28	20	45	DOU	6	527	48.40108	0.4917
Belleme_95	Belleme	11	11	5	24	15	25	CHE	5	452	48.40113	0.49507
Belleme_96	Belleme	17	13	5	28	20	45	DOU	6	507	48.40118	0.49844
Belleme_97	Belleme	15	12	5	30	30	45	CHE	6	630	48.40124	0.50182
Belleme_98	Belleme	9	11	5	32	28	45	CHE	6	479	48.40129	0.50519
Belleme_99	Belleme	15	13	5	32	28	45	CHE	6	251	48.40134	0.50857
Bourse_101	Bourse	6	11	7	NA	6	5	CHE	5	180.6891	48.50712	0.24435
Bourse_102	Bourse	17	15	7	33	32	60	CHE	6	427.5765	48.50718	0.24773
Bourse_103	Bourse	22	15	7	28	31	50	CHE	6	264.7244	48.50724	0.25111
Bourse_104	Bourse	17	15	7	28	31	50	CHE	6	61.556	48.5073	0.25449
Bourse_110	Bourse	21	14	7	30	35	80	CHE	6	61.3504	48.50257	0.24115
Bourse_111	Bourse	14	17	7	30	35	80	CHE	6	309.9462	48.50263	0.24453
Bourse_112	Bourse	21	18	7	21	33	65	CHE	6	536.7725	48.50269	0.24791
Bourse_113	Bourse	14	13	7	NA	6	5	CHE	5	315.7999	48.50274	0.25129
Bourse_114	Bourse	14	15	7	NA	6	5	CHE	5	94.8272	48.5028	0.25467
Bourse_119	Bourse	23	11	7	24	32	65	CHE	6	123.082	48.49807	0.24133
Bourse_120	Bourse	17	14	7	24	32	65	CHE	6	363.3782	48.49813	0.24471
Bourse_121	Bourse	14	14	7	NA	11	15	CHE	5	77.4009	48.49825	0.25147
Bourse_128	Bourse	14	15	7	14	36	70	CHE	6	194.8958	48.49346	0.23475
Bourse_129	Bourse	8	9	7	23	30	60	CHE	6	250.2936	48.49352	0.23813
Bourse_130	Bourse	15	12	7	NA	6	4	CHE	5	239.2273	48.49358	0.24151
Bourse_131	Bourse	13	11	7	NA	6	4	CHE	5	69.3102	48.49364	0.24489
Bourse_132	Bourse	6	6	7	18	22	20	CHE	6	159.0603	48.49376	0.25165
Bourse_133	Bourse	10	11	7	18	22	20	CHE	6	311.2486	48.49382	0.25503
Bourse_134	Bourse	12	10	7	24	26	10	CHE	6	155.3288	48.49388	0.25841
Bourse_135	Bourse	16	15	7	24	26	10	CHE	6	39.2783	48.49394	0.26179
Bourse_15	Bourse	10	12	7	17	13	20	CHE	5	106.4987	48.53444	0.26357
Bourse_154	Bourse	15	15	7	15	38	70	CHE	6	204.0718	48.48897	0.23493
Bourse_155	Bourse	27	20	7	30	41	85	CHE	6	197.3905	48.48903	0.23831
Bourse_156	Bourse	9	11	7	26	21	20	CHE	6	176.6136	48.48915	0.24507
Bourse_157	Bourse	10	10	7	26	21	20	CHE	6	361.6683	48.4892	0.24845
Bourse_158	Bourse	13	12	7	24	27	30	CHE	6	469.748	48.48926	0.25183
Bourse_159	Bourse	11	8	7	26	21	20	CHE	6	516.2252	48.48932	0.25521
Bourse_16	Bourse	11	8	7	17	13	20	CHE	5	216.1095	48.53449	0.26695
Bourse_160	Bourse	14	11	7	25	31	45	CHE	6	494.6551	48.48938	0.25859
Bourse_161	Bourse	18	12	7	25	31	45	CHE	6	427.6945	48.48944	0.26197
Bourse_162	Bourse	14	13	7	25	32	40	CHE	6	391.1261	48.4895	0.26535
Bourse_163	Bourse	20	15	7	25	32	40	CHE	6	350.7266	48.48956	0.26873
Bourse_164	Bourse	21	16	7	29	32	50	CHE	6	270.202	48.48962	0.27211
Bourse_165	Bourse	15	11	7	29	32	50	CHE	6	370.392	48.48968	0.27549
Bourse_166	Bourse	18	15	7	33	32	50	CHE	6	396.2925	48.48974	0.27887
Bourse_167	Bourse	17	12	7	33	32	50	CHE	6	274.0045	48.4898	0.28225
Bourse_168	Bourse	17	16	7	30	33	70	CHE	6	45.9103	48.48986	0.28563
Bourse_17	Bourse	17	12	7	35	39	50	CHE	6	393.0756	48.53455	0.27033
Bourse_18	Bourse	6	6	7	19	8	15	CHE	5	371.4838	48.53461	0.27371
Bourse_184	Bourse	21	15	7	30	41	85	CHE	6	131.2948	48.48447	0.23511
Bourse_185	Bourse	20	19	7	30	41	85	CHE	6	46.471	48.48453	0.23849
Bourse_186	Bourse	13	12	7	30	22	25	CHE	6	22.5158	48.48459	0.24187
Bourse_187	Bourse	18	13	7	24	26	10	CHE	6	148.2438	48.48465	0.24525
Bourse_188	Bourse	16	9	7	31	23	35	CHE	6	201.5179	48.48471	0.24863
Bourse_189	Bourse	6	3	7	24	14	15	CHE	5	126.1074	48.48477	0.25201
Bourse_19	Bourse	23	13	7	23	36	60	CHE	6	143.9697	48.53467	0.2771
Bourse_190	Bourse	6	5	7	24	14	15	CHE	5	41.6663	48.48483	0.25539
Bourse_20	Bourse	18	14	7	25	30	40	CHE	6	168.9795	48.53479	0.28386
Bourse_21	Bourse	14	14	7	28	38	50	CHE	6	328.9996	48.53485	0.28725
Bourse_22	Bourse	14	10	7	28	38	50	CHE	6	546.1499	48.53491	0.29063
Bourse_23	Bourse	13	9	7	35	39	50	CHE	6	450.1309	48.53497	0.29401
Bourse_24	Bourse	10	8	7	29	39	60	CHE	6	206.1213	48.53502	0.29739
Bourse_25	Bourse	11	13	7	29	39	60	CHE	6	14.2841	48.53508	0.30078
Bourse_3	Bourse	18	14	7	25	30	40	CHE	6	79.0569	48.53934	0.28707
Bourse_39	Bourse	21	14	7	28	36	55	CHE	6	193.5666	48.52988	0.26036
Bourse_4	Bourse	15	11	7	35	39	50	CHE	6	284.6195	48.5394	0.29045
Bourse_40	Bourse	24	17	7	28	36	55	CHE	6	441.3013	48.52994	0.26374
Bourse_41	Bourse	16	14	7	23	36	60	CHE	6	528.6096	48.53	0.26713
Bourse_42	Bourse	18	15	7	23	36	60	CHE	6	284.9313	48.53006	0.27051
Bourse_43	Bourse	16	11	7	23	36	60	CHE	6	79.5558	48.53012	0.27389
Bourse_44	Bourse	16	14	7	24	30	40	CHE	6	89.8506	48.5303	0.28404
Bourse_45	Bourse	4	5	7	26	23	30	CHE	6	145.9832	48.53041	0.2908
Bourse_46	Bourse	12	9	7	26	23	30	CHE	6	357.8531	48.53047	0.29419
Bourse_47	Bourse	9	9	7	26	23	30	CHE	6	556.2607	48.53053	0.29757
Bourse_48	Bourse	12	7	7	27	27	35	CHE	6	332.9219	48.53059	0.30095
Bourse_49	Bourse	14	11	7	26	23	30	CHE	6	131.5232	48.53065	0.30433
Bourse_5	Bourse	20	13	7	35	39	50	CHE	6	226.3846	48.53946	0.29384
Bourse_6	Bourse	19	14	7	35	39	50	CHE	6	190.3944	48.53952	0.29722
Bourse_63	Bourse	19	16	7	25	31	50	CHE	6	51.3555	48.52551	0.2673
Bourse_64	Bourse	19	16	7	25	31	50	CHE	6	96.2183	48.52557	0.27069
Bourse_65	Bourse	19	14	7	25	31	50	CHE	6	142.399	48.52563	0.27407
Bourse_66	Bourse	19	16	7	25	31	50	CHE	6	94.332	48.52569	0.27745
Bourse_67	Bourse	16	12	7	22	28	35	CHE	6	172.4826	48.52598	0.29436
Bourse_68	Bourse	12	10	7	22	28	35	CHE	6	308.6255	48.52604	0.29775
Bourse_69	Bourse	16	12	7	22	28	35	CHE	6	380.6969	48.5261	0.30113
Bourse_70	Bourse	12	8	7	29	25	30	CHE	6	241.4042	48.52615	0.30451
Bourse_71	Bourse	20	16	7	29	25	30	CHE	6	16.7369	48.52621	0.30789
Bourse_77	Bourse	8	12	7	NA	11	15	CHE	5	17.6362	48.52054	0.24043
Bourse_78	Bourse	20	17	7	NA	11	15	CHE	5	263.2002	48.5206	0.24381
Bourse_79	Bourse	20	15	7	29	39	60	CHE	6	142.0728	48.52066	0.24719
Bourse_82	Bourse	13	10	7	24	15	20	CHE	5	87.0485	48.51616	0.24737
Bourse_83	Bourse	13	13	7	28	31	50	CHE	6	19.2376	48.51622	0.25075
Bourse_89	Bourse	12	10	7	24	15	20	CHE	5	6.9254	48.51161	0.24417
Bourse_90	Bourse	19	13	7	23	30	60	CHE	6	256.7297	48.51167	0.24755
Bourse_91	Bourse	19	14	7	23	30	60	CHE	6	506.534	48.51173	0.25093
Bourse_92	Bourse	16	13	7	28	32	60	CHE	6	428.7882	48.51179	0.25431
Bourse_93	Bourse	16	11	7	24	28	40	CHE	6	328.6414	48.51185	0.25769
Bourse_94	Bourse	19	16	7	24	28	40	CHE	6	80.4136	48.51191	0.26108
Moulins_11	Moulins	13	9	6	27	26	45	SP	6	324.056	48.70188	0.46404
Moulins_115	Moulins	9	11	6	20	33	50	CHE	6	19.6146	48.68834	0.46114
Moulins_116	Moulins	12	9	6	23	22	30	CHE	6	161.88	48.6884	0.46453
Moulins_117	Moulins	16	13	6	23	22	30	CHE	6	228.9454	48.68845	0.46792
Moulins_118	Moulins	24	15	6	23	22	30	CHE	6	319.7186	48.6885	0.47132
Moulins_119	Moulins	20	16	6	24	34	70	CHE	6	425.6213	48.68856	0.47471
Moulins_12	Moulins	14	11	6	27	26	45	SP	6	467.9164	48.70193	0.46744
Moulins_120	Moulins	16	10	6	33	32	45	CHE	6	524.6645	48.68861	0.4781
Moulins_121	Moulins	17	12	6	33	32	45	CHE	6	530.8409	48.68866	0.4815
Moulins_122	Moulins	12	12	6	33	32	45	CHE	6	304.1174	48.68872	0.48489
Moulins_123	Moulins	14	11	6	31	33	45	CHE	6	90.0508	48.68877	0.48828
Moulins_124	Moulins	8	10	6	NA	7	12	CHE	5	80.815	48.68893	0.49846
Moulins_125	Moulins	8	10	6	NA	7	12	CHE	5	293.4596	48.68898	0.50185
Moulins_126	Moulins	8	13	6	NA	7	15	CHE	5	465.0269	48.68903	0.50525
Moulins_127	Moulins	6	9	6	NA	7	15	CHE	5	682.825	48.68909	0.50864
Moulins_128	Moulins	13	11	6	NA	7	15	CHE	5	794.4364	48.68914	0.51203
Moulins_129	Moulins	19	18	6	27	34	65	CHE	6	812.951	48.68919	0.51543
Moulins_13	Moulins	9	6	6	23	23	45	SP	6	548.8625	48.70198	0.47083
Moulins_130	Moulins	24	17	6	27	34	65	CHE	6	887.3986	48.68924	0.51882
Moulins_131	Moulins	11	13	6	0	5	8	CHE	5	1019.3444	48.68929	0.52221
Moulins_132	Moulins	17	17	6	0	5	8	CHE	5	945.3094	48.68935	0.52561
Moulins_133	Moulins	21	18	6	29	30	60	CHE	6	739.4977	48.6894	0.529
Moulins_134	Moulins	19	15	6	29	30	60	CHE	6	570.1789	48.68945	0.53239
Moulins_135	Moulins	6	7	6	23	14	25	CHE	5	443.5032	48.6895	0.53579
Moulins_136	Moulins	7	7	6	23	14	25	CHE	5	324.0385	48.68955	0.53918
Moulins_137	Moulins	16	11	6	29	30	45	CHE	6	167.7723	48.6896	0.54257
Moulins_14	Moulins	15	14	6	23	23	45	SP	6	582.9803	48.70204	0.47423
Moulins_15	Moulins	15	13	6	26	28	50	CHE	6	377.7862	48.70209	0.47762
Moulins_158	Moulins	14	13	6	29	32	50	CHE	6	64.2171	48.68412	0.47826
Moulins_159	Moulins	17	13	6	29	32	50	CHE	6	107.0397	48.68417	0.48166
Moulins_16	Moulins	12	12	6	26	28	50	CHE	6	247.4874	48.70214	0.48101
Moulins_160	Moulins	13	13	6	29	32	50	CHE	6	109.8935	48.68422	0.48505
Moulins_162	Moulins	11	10	6	29	22	25	CHE	6	197.5923	48.68443	0.49862
Moulins_163	Moulins	19	19	6	31	35	60	CHE	6	265.7408	48.68449	0.50201
Moulins_164	Moulins	21	15	6	31	35	60	CHE	6	283.1511	48.68454	0.50541
Moulins_165	Moulins	14	13	6	30	35	85	CHE	6	306.9063	48.68459	0.5088
Moulins_166	Moulins	20	15	6	33	34	65	CHE	6	295.0089	48.68464	0.51219
Moulins_167	Moulins	21	17	6	33	34	65	CHE	6	328.795	48.6847	0.51558
Moulins_168	Moulins	21	16	6	25	34	75	CHE	6	484.4513	48.68475	0.51898
Moulins_169	Moulins	18	12	6	25	34	75	CHE	6	697.3378	48.6848	0.52237
Moulins_17	Moulins	18	15	6	19	36	90	CHE	6	79.0569	48.7022	0.48441
Moulins_170	Moulins	19	13	6	36	34	60	CHE	6	928.9063	48.68485	0.52576
Moulins_171	Moulins	26	19	6	36	34	60	CHE	6	1126.8417	48.6849	0.52916
Moulins_172	Moulins	20	18	6	31	34	55	CHE	6	1002.5192	48.68496	0.53255
Moulins_173	Moulins	25	19	6	31	34	55	CHE	6	778.5479	48.68501	0.53594
Moulins_174	Moulins	27	24	6	20	34	70	CHE	6	533.7639	48.68506	0.53933
Moulins_175	Moulins	21	25	6	20	34	70	CHE	6	297.7644	48.68511	0.54273
Moulins_176	Moulins	19	16	6	20	34	70	CHE	6	127.3571	48.68516	0.54612
Moulins_192	Moulins	7	6	6	29	22	25	CHE	6	64.2803	48.6802	0.51574
Moulins_193	Moulins	14	15	6	29	22	25	CHE	6	303.2194	48.68026	0.51913
Moulins_194	Moulins	12	12	6	27	25	35	CHE	6	547.9218	48.68031	0.52253
Moulins_195	Moulins	17	15	6	27	25	35	CHE	6	795.9238	48.68036	0.52592
Moulins_196	Moulins	16	11	6	30	25	30	CHE	6	1025.4804	48.68041	0.52931
Moulins_197	Moulins	18	9	6	30	25	30	CHE	6	972.7538	48.68046	0.5327
Moulins_198	Moulins	18	15	6	31	34	60	CHE	6	892.3284	48.68051	0.5361
Moulins_199	Moulins	19	17	6	NA	6	12	CHE	5	815.1011	48.68057	0.53949
Moulins_2	Moulins	11	6	6	27	26	45	SP	6	154.7808	48.70648	0.47067
Moulins_200	Moulins	23	20	6	14	34	60	CHE	6	590.2737	48.68062	0.54288
Moulins_201	Moulins	21	15	6	14	34	60	CHE	6	385.8482	48.68067	0.54627
Moulins_202	Moulins	16	14	6	22	15	15	CHE	5	183.9776	48.68072	0.54967
Moulins_214	Moulins	10	9	6	26	26	30	CHE	6	146.6822	48.67576	0.51929
Moulins_215	Moulins	14	13	6	26	26	30	CHE	6	393.8504	48.67581	0.52268
Moulins_216	Moulins	12	13	6	26	26	30	CHE	6	641.0186	48.67587	0.52608
Moulins_217	Moulins	12	9	6	26	25	35	CHE	6	727.1664	48.67592	0.52947
Moulins_218	Moulins	12	6	6	26	25	35	CHE	6	566.7892	48.67597	0.53286
Moulins_220	Moulins	6	7	6	22	15	15	CHE	5	382.4264	48.67607	0.53964
Moulins_221	Moulins	8	6	6	22	15	15	CHE	5	465.3766	48.67612	0.54304
Moulins_222	Moulins	10	7	6	22	15	15	CHE	5	325.9601	48.67617	0.54643
Moulins_232	Moulins	13	13	6	27	25	30	CHE	6	169.0488	48.67127	0.51945
Moulins_233	Moulins	10	11	6	27	25	30	CHE	6	399.847	48.67132	0.52284
Moulins_234	Moulins	10	12	6	27	25	30	CHE	6	483.7723	48.67137	0.52623
Moulins_235	Moulins	8	8	6	16	7	15	CHE	5	317.7381	48.67142	0.52962
Moulins_236	Moulins	12	15	6	16	7	15	CHE	5	171.0642	48.67148	0.53302
Moulins_237	Moulins	16	13	6	24	23	30	CHE	6	97.3056	48.67153	0.53641
Moulins_238	Moulins	11	10	6	28	27	35	SP	6	145.4856	48.67168	0.54658
Moulins_239	Moulins	12	10	6	28	27	35	SP	6	35.3554	48.67173	0.54998
Moulins_244	Moulins	15	13	6	24	23	30	CHE	6	210.3295	48.66678	0.5196
Moulins_245	Moulins	12	12	6	24	23	30	CHE	6	206.8952	48.66683	0.523
Moulins_246	Moulins	10	10	6	NA	7	15	CHE	5	109.967	48.66688	0.52639
Moulins_3	Moulins	22	13	6	27	34	60	CHE	6	257.1057	48.70653	0.47407
Moulins_34	Moulins	21	15	6	31	34	60	CHE	6	113.2192	48.69728	0.45742
Moulins_35	Moulins	17	12	6	31	34	60	CHE	6	308.4405	48.69733	0.46081
Moulins_36	Moulins	18	18	6	34	26	50	SP	6	506.2114	48.69738	0.46421
Moulins_37	Moulins	15	11	6	34	26	50	SP	6	728.869	48.69744	0.4676
Moulins_38	Moulins	22	17	6	34	26	50	SP	6	804.3246	48.69749	0.47099
Moulins_39	Moulins	23	17	6	25	35	80	CHE	6	564.32	48.69754	0.47439
Moulins_4	Moulins	25	17	6	27	34	60	CHE	6	125.6463	48.70658	0.47746
Moulins_40	Moulins	23	18	6	25	35	80	CHE	6	324.634	48.6976	0.47778
Moulins_41	Moulins	20	15	6	30	35	65	CHE	6	119.269	48.69765	0.48117
Moulins_42	Moulins	16	13	6	28	32	60	CHE	6	217.9782	48.6977	0.48457
Moulins_43	Moulins	20	15	6	28	32	60	CHE	6	374.9346	48.69776	0.48796
Moulins_44	Moulins	19	17	6	24	35	65	CHE	6	213.611	48.69781	0.49136
Moulins_45	Moulins	26	16	6	24	35	65	CHE	6	62.1809	48.69786	0.49475
Moulins_46	Moulins	17	18	6	NA	7	8	CHE	5	226.3847	48.69807	0.50832
Moulins_47	Moulins	13	16	6	NA	7	8	CHE	5	312.9944	48.69812	0.51172
Moulins_48	Moulins	15	13	6	NA	8	9	CHE	5	242.8115	48.69818	0.51511
Moulins_49	Moulins	18	15	6	NA	8	9	CHE	5	190.3944	48.69823	0.51851
Moulins_50	Moulins	27	20	6	29	33	60	CHE	6	324.8036	48.69828	0.5219
Moulins_51	Moulins	25	19	6	29	33	60	CHE	6	382.4265	48.69833	0.52529
Moulins_52	Moulins	10	11	6	26	22	40	EPC	6	285.0439	48.69838	0.52869
Moulins_53	Moulins	14	13	6	26	22	40	EPC	6	77.9763	48.69843	0.53208
Moulins_73	Moulins	19	14	6	9	28	70	CHE	6	35.1513	48.69278	0.45758
Moulins_74	Moulins	18	12	6	9	28	70	CHE	6	260.2811	48.69284	0.46097
Moulins_75	Moulins	17	12	6	27	30	60	CHE	6	506.5372	48.69289	0.46437
Moulins_76	Moulins	22	15	6	27	32	50	CHE	6	710.6184	48.69294	0.46776
Moulins_77	Moulins	21	16	6	27	32	50	CHE	6	782.4787	48.693	0.47115
Moulins_78	Moulins	15	16	6	27	32	50	CHE	6	822.2768	48.69305	0.47455
Moulins_79	Moulins	16	15	6	24	34	70	CHE	6	678.2161	48.6931	0.47794
Moulins_80	Moulins	15	16	6	24	34	70	CHE	6	607.3014	48.69316	0.48133
Moulins_81	Moulins	16	11	6	32	24	45	EPC	6	478.723	48.69321	0.48473
Moulins_82	Moulins	10	8	6	23	23	45	SP	6	236.5682	48.69326	0.48812
Moulins_84	Moulins	18	13	6	NA	7	8	CHE	5	261.6841	48.69353	0.50509
Moulins_85	Moulins	22	15	6	NA	7	8	CHE	5	402.6088	48.69358	0.50848
Moulins_86	Moulins	19	19	6	NA	7	8	CHE	5	614.5287	48.69363	0.51188
Moulins_87	Moulins	16	14	6	32	34	55	CHE	6	697.3163	48.69368	0.51527
Moulins_88	Moulins	15	18	6	32	34	55	CHE	6	679.1539	48.69373	0.51866
Moulins_89	Moulins	17	13	6	32	33	60	CHE	6	749.1662	48.69379	0.52206
Moulins_90	Moulins	12	14	6	32	33	60	CHE	6	714.7449	48.69384	0.52545
Moulins_91	Moulins	20	16	6	33	32	55	CHE	6	506.1874	48.69389	0.52884
Moulins_92	Moulins	15	13	6	33	32	55	CHE	6	298.7798	48.69394	0.53224
Moulins_93	Moulins	8	9	6	NA	16	20	CHE	5	58.4189	48.69399	0.53563
Reno_Valdieu_1	Reno_Valdieu	18	15	8	32	40	75	CHE	6	152.9448	48.54691	0.67906
Reno_Valdieu_100	Reno_Valdieu	12	15	8	33	34	45	CHE	5	184.2825	48.51952	0.64948
Reno_Valdieu_101	Reno_Valdieu	16	15	8	33	34	45	CHE	5	201.2695	48.51956	0.65286
Reno_Valdieu_102	Reno_Valdieu	14	15	8	33	34	45	CHE	5	119.4396	48.51961	0.65624
Reno_Valdieu_103	Reno_Valdieu	12	13	8	27	22	25	CHE	6	11.8492	48.51971	0.66301
Reno_Valdieu_104	Reno_Valdieu	8	9	8	22	19	25	CHE	6	21.8935	48.51976	0.66639
Reno_Valdieu_105	Reno_Valdieu	17	13	8	22	19	25	CHE	6	202.7384	48.5198	0.66977
Reno_Valdieu_106	Reno_Valdieu	14	10	8	26	31	50	CHE	6	419.8774	48.51985	0.67316
Reno_Valdieu_107	Reno_Valdieu	13	13	8	26	31	50	CHE	6	660.3028	48.5199	0.67654
Reno_Valdieu_108	Reno_Valdieu	16	13	8	26	31	50	CHE	6	461.292	48.51995	0.67992
Reno_Valdieu_109	Reno_Valdieu	12	11	8	29	29	40	CHE	5	225.0388	48.51999	0.6833
Reno_Valdieu_117	Reno_Valdieu	12	10	8	NA	16	20	CHE	5	89.6307	48.51521	0.66315
Reno_Valdieu_118	Reno_Valdieu	11	13	8	NA	16	20	CHE	5	316.7159	48.51526	0.66654
Reno_Valdieu_119	Reno_Valdieu	22	16	8	28	41	70	CHE	6	501.5027	48.51531	0.66992
Reno_Valdieu_120	Reno_Valdieu	21	15	8	28	41	70	CHE	6	710.2834	48.51536	0.6733
Reno_Valdieu_121	Reno_Valdieu	12	12	8	24	38	50	CHE	5	869.9948	48.5154	0.67668
Reno_Valdieu_122	Reno_Valdieu	16	18	8	24	38	50	CHE	5	634.1263	48.51545	0.68006
Reno_Valdieu_123	Reno_Valdieu	21	16	8	32	40	60	CHE	6	415.1402	48.5155	0.68345
Reno_Valdieu_130	Reno_Valdieu	7	10	8	NA	16	20	CHE	5	90.5446	48.51072	0.6633
Reno_Valdieu_131	Reno_Valdieu	10	9	8	27	12	20	CHE	5	328.8551	48.51077	0.66668
Reno_Valdieu_132	Reno_Valdieu	8	16	8	27	22	25	CHE	6	522.2134	48.51082	0.67006
Reno_Valdieu_133	Reno_Valdieu	19	16	8	27	17	20	CHE	6	749.8453	48.51086	0.67344
Reno_Valdieu_134	Reno_Valdieu	16	14	8	27	17	20	CHE	6	988.3467	48.51091	0.67682
Reno_Valdieu_135	Reno_Valdieu	19	20	8	31	31	45	CHE	4	947.5847	48.51096	0.68021
Reno_Valdieu_136	Reno_Valdieu	15	12	8	31	31	45	CHE	4	817.3995	48.51101	0.68359
Reno_Valdieu_138	Reno_Valdieu	21	16	8	32	30	40	CHE	5	414.6585	48.5111	0.69035
Reno_Valdieu_139	Reno_Valdieu	12	11	8	24	28	35	CHE	6	175.2738	48.51115	0.69373
Reno_Valdieu_14	Reno_Valdieu	20	14	8	33	35	70	CHE	6	93.4346	48.53763	0.65905
Reno_Valdieu_15	Reno_Valdieu	15	11	8	33	35	70	CHE	6	235.9003	48.53768	0.66243
Reno_Valdieu_150	Reno_Valdieu	15	14	8	14	39	65	CHE	3	145.5377	48.50623	0.66344
Reno_Valdieu_151	Reno_Valdieu	17	15	8	14	39	65	CHE	3	394.8523	48.50627	0.66682
Reno_Valdieu_152	Reno_Valdieu	18	16	8	31	41	70	CHE	6	644.698	48.50632	0.6702
Reno_Valdieu_153	Reno_Valdieu	18	16	8	31	41	70	CHE	6	894.6299	48.50637	0.67359
Reno_Valdieu_154	Reno_Valdieu	8	10	8	31	24	25	PS	3	556.0675	48.50656	0.68711
Reno_Valdieu_155	Reno_Valdieu	9	10	8	NA	14	20	CHE	5	377.9736	48.50661	0.69049
Reno_Valdieu_156	Reno_Valdieu	12	15	8	NA	18	20	PS	3	264.5948	48.50665	0.69387
Reno_Valdieu_16	Reno_Valdieu	16	13	8	33	35	70	CHE	6	388.9158	48.53773	0.66582
Reno_Valdieu_164	Reno_Valdieu	18	20	8	21	29	45	CHE	6	145.5373	48.50164	0.65682
Reno_Valdieu_165	Reno_Valdieu	13	14	8	21	29	45	CHE	6	149.3326	48.50168	0.6602
Reno_Valdieu_166	Reno_Valdieu	16	15	8	21	29	45	CHE	6	177.0649	48.50173	0.66359
Reno_Valdieu_167	Reno_Valdieu	18	17	8	33	38	75	CHE	6	391.9852	48.50178	0.66697
Reno_Valdieu_168	Reno_Valdieu	11	13	8	20	25	30	CHE	4	633.2083	48.50183	0.67035
Reno_Valdieu_169	Reno_Valdieu	11	11	8	20	25	30	CHE	4	879.3482	48.50187	0.67373
Reno_Valdieu_17	Reno_Valdieu	17	20	8	17	35	65	CHE	6	676.439	48.53787	0.67597
Reno_Valdieu_170	Reno_Valdieu	13	12	8	20	25	30	CHE	4	852.8706	48.50192	0.67711
Reno_Valdieu_177	Reno_Valdieu	18	17	8	15	35	65	CHE	5	142.3059	48.49719	0.66035
Reno_Valdieu_178	Reno_Valdieu	13	17	8	15	35	65	CHE	5	329.4727	48.49724	0.66373
Reno_Valdieu_179	Reno_Valdieu	19	20	8	NA	5	6	CHE	3	516.1267	48.49729	0.66711
Reno_Valdieu_18	Reno_Valdieu	22	22	8	17	35	65	CHE	6	540.0781	48.53792	0.67935
Reno_Valdieu_180	Reno_Valdieu	20	18	8	23	36	70	CHE	6	721.378	48.49733	0.67049
Reno_Valdieu_181	Reno_Valdieu	13	13	8	23	36	70	CHE	6	944.8209	48.49738	0.67387
Reno_Valdieu_182	Reno_Valdieu	13	7	8	25	25	35	CHE	5	738.6315	48.49743	0.67725
Reno_Valdieu_183	Reno_Valdieu	13	11	8	25	25	35	CHE	5	490.2427	48.49748	0.68063
Reno_Valdieu_184	Reno_Valdieu	10	10	8	24	26	30	CHE	4	245.1514	48.49752	0.68401
Reno_Valdieu_185	Reno_Valdieu	11	14	8	24	26	30	CHE	4	11.7044	48.49757	0.6874
Reno_Valdieu_19	Reno_Valdieu	18	18	8	30	34	50	CHE	4	315.2537	48.53797	0.68273
Reno_Valdieu_195	Reno_Valdieu	18	19	8	11	38	70	CHE	4	89.6866	48.4927	0.66049
Reno_Valdieu_196	Reno_Valdieu	22	19	8	11	38	70	CHE	4	314.0648	48.49274	0.66387
Reno_Valdieu_197	Reno_Valdieu	7	12	8	28	23	25	PS	5	552.7493	48.49279	0.66725
Reno_Valdieu_198	Reno_Valdieu	18	15	8	21	34	50	CHE	6	649.6572	48.49284	0.67063
Reno_Valdieu_199	Reno_Valdieu	17	16	8	21	34	50	CHE	6	647.1798	48.49289	0.67401
Reno_Valdieu_2	Reno_Valdieu	19	16	8	32	40	75	CHE	6	265.9612	48.54696	0.68245
Reno_Valdieu_20	Reno_Valdieu	20	18	8	30	34	50	CHE	4	98.6744	48.53802	0.68612
Reno_Valdieu_200	Reno_Valdieu	19	19	8	21	34	50	CHE	6	734.1785	48.49293	0.6774
Reno_Valdieu_201	Reno_Valdieu	6	8	8	NA	8	10	CHE	4	683.7395	48.49298	0.68078
Reno_Valdieu_202	Reno_Valdieu	10	9	8	NA	14	20	CHE	5	488.0859	48.49303	0.68416
Reno_Valdieu_203	Reno_Valdieu	17	16	8	12	36	55	CHE	5	310.2095	48.49308	0.68754
Reno_Valdieu_204	Reno_Valdieu	9	12	8	NA	14	20	CHE	5	141.2516	48.49312	0.69092
Reno_Valdieu_215	Reno_Valdieu	15	17	8	32	36	55	CHE	6	157.0186	48.48825	0.66402
Reno_Valdieu_216	Reno_Valdieu	12	14	8	NA	5	8	CHE	4	259.4226	48.4883	0.6674
Reno_Valdieu_217	Reno_Valdieu	13	11	8	NA	5	8	CHE	4	155.0255	48.48835	0.67078
Reno_Valdieu_218	Reno_Valdieu	16	16	8	29	37	70	CHE	5	176.7338	48.48839	0.67416
Reno_Valdieu_219	Reno_Valdieu	20	18	8	29	37	70	CHE	5	280.8177	48.48844	0.67754
Reno_Valdieu_220	Reno_Valdieu	21	18	8	29	37	70	CHE	5	377.669	48.48849	0.68092
Reno_Valdieu_221	Reno_Valdieu	17	12	8	NA	12	15	CHE	5	339.5363	48.48854	0.6843
Reno_Valdieu_222	Reno_Valdieu	18	17	8	29	37	70	CHE	5	97.0245	48.48858	0.68768
Reno_Valdieu_232	Reno_Valdieu	14	15	8	NA	6	5	CHE	4	88.9165	48.48395	0.67768
Reno_Valdieu_233	Reno_Valdieu	17	17	8	NA	6	5	CHE	4	306.6953	48.48399	0.68106
Reno_Valdieu_234	Reno_Valdieu	20	19	8	22	37	60	CHE	6	526.2101	48.48404	0.68444
Reno_Valdieu_235	Reno_Valdieu	16	18	8	22	37	60	CHE	6	338.2797	48.48409	0.68782
Reno_Valdieu_236	Reno_Valdieu	17	17	8	22	37	60	CHE	6	90.1933	48.48414	0.6912
Reno_Valdieu_243	Reno_Valdieu	12	11	8	21	32	55	CHE	4	258.4936	48.4795	0.6812
Reno_Valdieu_244	Reno_Valdieu	15	17	8	37	39	80	CHE	5	447.7408	48.47955	0.68458
Reno_Valdieu_245	Reno_Valdieu	19	16	8	37	39	80	CHE	5	402.1261	48.47959	0.68796
Reno_Valdieu_246	Reno_Valdieu	22	15	8	37	39	80	CHE	5	206.9825	48.47964	0.69134
Reno_Valdieu_247	Reno_Valdieu	24	17	8	32	36	70	CHE	5	31.5052	48.47969	0.69472
Reno_Valdieu_252	Reno_Valdieu	17	13	8	35	38	70	CHE	6	195.6059	48.47501	0.68135
Reno_Valdieu_253	Reno_Valdieu	15	11	8	35	38	70	CHE	6	297.9467	48.47505	0.68473
Reno_Valdieu_254	Reno_Valdieu	17	12	8	35	37	70	CHE	4	187.7012	48.4751	0.6881
Reno_Valdieu_255	Reno_Valdieu	17	17	8	35	37	70	CHE	4	15.8915	48.47515	0.69148
Reno_Valdieu_259	Reno_Valdieu	17	18	8	34	38	65	CHE	6	202.629	48.47046	0.67811
Reno_Valdieu_260	Reno_Valdieu	18	17	8	30	37	60	CHE	6	64.1954	48.47051	0.68149
Reno_Valdieu_261	Reno_Valdieu	21	16	8	30	37	60	CHE	6	140.9416	48.47056	0.68487
Reno_Valdieu_262	Reno_Valdieu	24	21	8	30	37	60	CHE	6	11.538	48.47061	0.68825
Reno_Valdieu_264	Reno_Valdieu	16	15	8	30	34	70	CHE	6	214.592	48.46597	0.67825
Reno_Valdieu_265	Reno_Valdieu	18	16	8	30	34	70	CHE	6	10.6726	48.46602	0.68163
Reno_Valdieu_28	Reno_Valdieu	22	15	8	30	41	65	CHE	5	205.0419	48.53309	0.65581
Reno_Valdieu_29	Reno_Valdieu	17	17	8	30	41	65	CHE	5	446.8743	48.53314	0.65919
Reno_Valdieu_30	Reno_Valdieu	21	14	8	28	40	80	CHE	6	634.466	48.53319	0.66258
Reno_Valdieu_31	Reno_Valdieu	16	17	8	28	40	80	CHE	6	793.033	48.53324	0.66596
Reno_Valdieu_32	Reno_Valdieu	15	16	8	14	39	65	CHE	3	1032.736	48.53333	0.67273
Reno_Valdieu_33	Reno_Valdieu	15	14	8	32	37	80	CHE	6	998.1595	48.53338	0.67611
Reno_Valdieu_34	Reno_Valdieu	17	19	8	24	36	80	CHE	6	781.5802	48.53343	0.67949
Reno_Valdieu_35	Reno_Valdieu	18	16	8	24	36	80	CHE	6	568.3663	48.53347	0.68288
Reno_Valdieu_36	Reno_Valdieu	14	13	8	25	33	45	CHE	5	371.2368	48.53352	0.68626
Reno_Valdieu_37	Reno_Valdieu	14	12	8	25	33	45	CHE	5	160.8587	48.53357	0.68964
Reno_Valdieu_50	Reno_Valdieu	15	16	8	28	31	55	CHE	5	166.2787	48.5286	0.65596
Reno_Valdieu_51	Reno_Valdieu	12	14	8	28	31	55	CHE	5	414.8765	48.52865	0.65934
Reno_Valdieu_52	Reno_Valdieu	13	11	8	33	36	55	CHE	6	663.4742	48.52869	0.66272
Reno_Valdieu_53	Reno_Valdieu	16	14	8	33	36	55	CHE	6	794.3497	48.52874	0.6661
Reno_Valdieu_54	Reno_Valdieu	13	13	8	23	32	45	CHE	6	822.027	48.52879	0.66949
Reno_Valdieu_55	Reno_Valdieu	9	10	8	23	32	45	CHE	6	919.4919	48.52884	0.67287
Reno_Valdieu_57	Reno_Valdieu	20	20	8	10	35	70	CHE	6	811.8345	48.52893	0.67964
Reno_Valdieu_58	Reno_Valdieu	16	15	8	23	29	35	CHE	5	605.8824	48.52898	0.68302
Reno_Valdieu_59	Reno_Valdieu	13	13	8	23	29	35	CHE	5	411.4793	48.52903	0.6864
Reno_Valdieu_6	Reno_Valdieu	14	18	8	27	30	50	CHE	6	39.9166	48.54227	0.66906
Reno_Valdieu_60	Reno_Valdieu	18	14	8	23	29	35	CHE	5	170.87	48.52907	0.68978
Reno_Valdieu_7	Reno_Valdieu	22	14	8	27	30	50	CHE	6	184.3645	48.54237	0.67582
Reno_Valdieu_75	Reno_Valdieu	17	14	8	20	34	60	CHE	6	101.076	48.52396	0.64595
Reno_Valdieu_76	Reno_Valdieu	14	17	8	32	38	65	CHE	6	298.2013	48.52401	0.64933
Reno_Valdieu_77	Reno_Valdieu	15	16	8	32	38	65	CHE	6	366.8696	48.52406	0.65272
Reno_Valdieu_78	Reno_Valdieu	19	15	8	32	38	65	CHE	6	403.8803	48.52411	0.6561
Reno_Valdieu_79	Reno_Valdieu	15	15	8	23	25	30	CHE	6	465.8596	48.52415	0.65948
Reno_Valdieu_8	Reno_Valdieu	20	14	8	27	30	50	CHE	6	234.679	48.54241	0.67921
Reno_Valdieu_80	Reno_Valdieu	21	17	8	NA	5	6	CHE	3	407.5908	48.5242	0.66286
Reno_Valdieu_81	Reno_Valdieu	8	10	8	28	27	30	CHE	5	295.6968	48.52425	0.66625
Reno_Valdieu_82	Reno_Valdieu	14	11	8	28	27	30	CHE	5	363.5568	48.5243	0.66963
Reno_Valdieu_83	Reno_Valdieu	4	4	8	20	22	20	CHE	6	531.299	48.52434	0.67301
Reno_Valdieu_84	Reno_Valdieu	19	12	8	14	39	65	CHE	3	736.1938	48.52439	0.6764
Reno_Valdieu_85	Reno_Valdieu	10	13	8	24	29	35	CHE	5	585.0503	48.52444	0.67978
Reno_Valdieu_86	Reno_Valdieu	8	13	8	23	28	35	CHE	6	369.2125	48.52449	0.68316
Reno_Valdieu_87	Reno_Valdieu	12	14	8	23	28	35	CHE	6	169.9669	48.52453	0.68654
